0.00000
0.00010
0.00026
0.00044
0.00055
0.00054
0.00040
0.00015
-0.00015
-0.00039
-0.00052
-0.00050
-0.00032
-0.00002
0.00033
0.00064
0.00081
0.00074
0.00042
-0.00009
-0.00063
-0.00100
-0.00105
-0.00077
-0.00027
0.00021
0.00046
0.00036
-0.00005
-0.00058
-0.00102
-0.00119
-0.00104
-0.00065
-0.00017
0.00024
0.00047
0.00050
0.00038
0.00023
0.00012
0.00012
0.00020
0.00027
0.00025
0.00009
-0.00016
-0.00035
-0.00029
0.00013
0.00093
0.00192
0.00277
0.00311
0.00269
0.00147
-0.00031
-0.00218
-0.00357
-0.00403
-0.00340
-0.00186
0.00007
0.00179
0.00279
0.00288
0.00219
0.00112
0.00012
-0.00052
-0.00074
-0.00076
-0.00087
-0.00126
-0.00194
-0.00263
-0.00297
-0.00268
-0.00175
-0.00047
0.00070
0.00134
0.00129
0.00073
0.00009
-0.00021
0.00002
0.00062
0.00116
0.00123
0.00072
-0.00009
-0.00064
-0.00036
0.00092
0.00287
0.00469
0.00544
0.00451
0.00190
-0.00168
-0.00506
-0.00700
-0.00671
-0.00412
0.00002
0.00437
0.00745
0.00817
0.00618
0.00202
-0.00300
-0.00725
-0.00933
-0.00856
-0.00525
-0.00060
0.00373
0.00626
0.00625
0.00393
0.00035
-0.00312
-0.00530
-0.00564
-0.00428
-0.00184
0.00078
0.00279
0.00361
0.00306
0.00132
-0.00105
-0.00325
-0.00445
-0.00406
-0.00202
0.00118
0.00458
0.00709
0.00794
0.00695
0.00461
0.00184
-0.00037
-0.00139
-0.00121
-0.00040
0.00025
0.00007
-0.00109
-0.00286
-0.00448
-0.00529
-0.00497
-0.00374
-0.00212
-0.00071
0.00017
0.00055
0.00069
0.00085
0.00114
0.00146
0.00162
0.00154
0.00127
0.00102
0.00102
0.00131
0.00178
0.00215
0.00211
0.00148
0.00030
-0.00122
-0.00274
-0.00391
-0.00448
-0.00433
-0.00350
-0.00213
-0.00041
0.00142
0.00310
0.00429
0.00462
0.00381
0.00180
-0.00103
-0.00389
-0.00573
-0.00563
-0.00321
0.00106
0.00589
0.00960
0.01068
0.00851
0.00364
-0.00231
-0.00724
-0.00948
-0.00847
-0.00502
-0.00089
0.00210
0.00291
0.00171
-0.00037
-0.00199
-0.00234
-0.00140
0.00021
0.00174
0.00274
0.00307
0.00278
0.00185
0.00027
-0.00179
-0.00381
-0.00497
-0.00456
-0.00239
0.00099
0.00437
0.00635
0.00593
0.00299
-0.00162
-0.00619
-0.00883
-0.00821
-0.00421
0.00187
0.00776
0.01120
0.01100
0.00753
0.00250
-0.00198
-0.00443
-0.00459
-0.00335
-0.00202
-0.00160
-0.00231
-0.00358
-0.00449
-0.00428
-0.00269
-0.00006
0.00290
0.00538
0.00672
0.00660
0.00504
0.00234
-0.00096
-0.00412
-0.00629
-0.00678
-0.00532
-0.00231
0.00119
0.00384
0.00455
0.00300
-0.00019
-0.00372
-0.00615
-0.00653
-0.00477
-0.00158
0.00185
0.00432
0.00511
0.00417
0.00217
0.00019
-0.00061
0.00047
0.00335
0.00707
0.01009
0.01086
0.00852
0.00335
-0.00326
-0.00931
-0.01295
-0.01317
-0.01016
-0.00507
0.00048
0.00502
0.00756
0.00766
0.00537
0.00114
-0.00404
-0.00871
-0.01119
-0.01018
-0.00557
0.00130
0.00786
0.01140
0.01030
0.00478
-0.00309
-0.01035
-0.01434
-0.01371
-0.00881
-0.00137
0.00623
0.01185
0.01426
0.01340
0.01028
0.00643
0.00321
0.00123
0.00026
-0.00044
-0.00144
-0.00272
-0.00364
-0.00349
-0.00210
-0.00009
0.00139
0.00141
-0.00014
-0.00238
-0.00399
-0.00396
-0.00223
0.00031
0.00233
0.00281
0.00150
-0.00103
-0.00381
-0.00597
-0.00701
-0.00687
-0.00574
-0.00390
-0.00164
0.00068
0.00263
0.00375
0.00370
0.00239
0.00014
-0.00238
-0.00418
-0.00429
-0.00214
0.00209
0.00724
0.01156
0.01339
0.01194
0.00781
0.00279
-0.00101
-0.00211
-0.00040
0.00293
0.00604
0.00730
0.00601
0.00254
-0.00199
-0.00624
-0.00915
-0.01028
-0.00983
-0.00857
-0.00746
-0.00729
-0.00824
-0.00972
-0.01052
-0.00944
-0.00598
-0.00079
0.00449
0.00794
0.00831
0.00564
0.00127
-0.00278
-0.00474
-0.00374
-0.00005
0.00519
0.01047
0.01441
0.01605
0.01508
0.01189
0.00747
0.00321
0.00042
-0.00014
0.00129
0.00352
0.00484
0.00383
0.00014
-0.00522
-0.01025
-0.01288
-0.01200
-0.00815
-0.00328
0.00006
-0.00001
-0.00381
-0.00992
-0.01582
-0.01901
-0.01796
-0.01268
-0.00454
0.00434
0.01178
0.01612
0.01651
0.01299
0.00644
-0.00144
-0.00844
-0.01228
-0.01129
-0.00511
0.00488
0.01587
0.02443
0.02777
0.02482
0.01663
0.00591
-0.00415
-0.01120
-0.01443
-0.01456
-0.01294
-0.01059
-0.00766
-0.00361
0.00186
0.00800
0.01284
0.01396
0.00988
0.00118
-0.00926
-0.01742
-0.02000
-0.01607
-0.00760
0.00161
0.00787
0.00945
0.00721
0.00367
0.00127
0.00071
0.00071
-0.00098
-0.00576
-0.01291
-0.01957
-0.02213
-0.01824
-0.00818
0.00510
0.01728
0.02468
0.02573
0.02137
0.01415
0.00683
0.00120
-0.00235
-0.00443
-0.00582
-0.00687
-0.00723
-0.00612
-0.00274
0.00313
0.01071
0.01811
0.02258
0.02131
0.01271
-0.00252
-0.02089
-0.03685
-0.04459
-0.04038
-0.02436
-0.00077
0.02336
0.04074
0.04641
0.03917
0.02160
-0.00127
-0.02366
-0.04060
-0.04870
-0.04642
-0.03420
-0.01452
0.00827
0.02866
0.04140
0.04325
0.03432
0.01811
0.00022
-0.01387
-0.02075
-0.02001
-0.01374
-0.00512
0.00307
0.00929
0.01316
0.01493
0.01483
0.01281
0.00873
0.00264
-0.00482
-0.01247
-0.01882
-0.02247
-0.02260
-0.01912
-0.01272
-0.00460
0.00383
0.01119
0.01636
0.01854
0.01744
0.01341
0.00749
0.00130
-0.00353
-0.00587
-0.00561
-0.00367
-0.00146
-0.00019
-0.00019
-0.00089
-0.00122
-0.00035
0.00170
0.00396
0.00497
0.00349
-0.00080
-0.00707
-0.01364
-0.01849
-0.01995
-0.01720
-0.01047
-0.00101
0.00916
0.01769
0.02249
0.02231
0.01713
0.00832
-0.00173
-0.01027
-0.01501
-0.01472
-0.00953
-0.00080
0.00930
0.01831
0.02406
0.02507
0.02093
0.01237
0.00113
-0.01043
-0.01997
-0.02571
-0.02689
-0.02390
-0.01801
-0.01096
-0.00430
0.00104
0.00489
0.00755
0.00922
0.00957
0.00776
0.00320
-0.00354
-0.01030
-0.01391
-0.01167
-0.00311
0.00934
0.02115
0.02780
0.02688
0.01904
0.00732
-0.00466
-0.01415
-0.01982
-0.02114
-0.01776
-0.00954
0.00252
0.01544
0.02451
0.02523
0.01591
-0.00068
-0.01789
-0.02820
-0.02706
-0.01531
0.00121
0.01474
0.01957
0.01477
0.00408
-0.00664
-0.01268
-0.01271
-0.00866
-0.00385
-0.00064
0.00069
0.00148
0.00319
0.00597
0.00844
0.00864
0.00556
0.00000
-0.00556
-0.00831
-0.00661
-0.00094
0.00615
0.01130
0.01183
0.00699
-0.00166
-0.01094
-0.01730
-0.01825
-0.01330
-0.00419
0.00576
0.01282
0.01428
0.00950
0.00026
-0.00985
-0.01682
-0.01783
-0.01238
-0.00240
0.00863
0.01726
0.02139
0.02099
0.01779
0.01437
0.01298
0.01460
0.01857
0.02274
0.02422
0.02047
0.01034
-0.00536
-0.02386
-0.04117
-0.05320
-0.05691
-0.05121
-0.03729
-0.01857
0.00006
0.01354
0.01818
0.01307
0.00059
-0.01436
-0.02611
-0.03035
-0.02567
-0.01378
0.00157
0.01620
0.02710
0.03323
0.03537
0.03535
0.03497
0.03518
0.03575
0.03559
0.03350
0.02891
0.02215
0.01425
0.00632
-0.00094
-0.00732
-0.01275
-0.01694
-0.01934
-0.01968
-0.01860
-0.01785
-0.01967
-0.02555
-0.03498
-0.04515
-0.05181
-0.05106
-0.04130
-0.02413
-0.00397
0.01365
0.02416
0.02557
0.01903
0.00823
-0.00204
-0.00755
-0.00598
0.00242
0.01511
0.02813
0.03752
0.04047
0.03613
0.02573
0.01214
-0.00094
-0.01003
-0.01300
-0.00977
-0.00246
0.00544
0.01051
0.01092
0.00714
0.00156
-0.00287
-0.00418
-0.00216
0.00174
0.00543
0.00718
0.00619
0.00267
-0.00245
-0.00784
-0.01205
-0.01392
-0.01295
-0.00981
-0.00623
-0.00446
-0.00621
-0.01172
-0.01941
-0.02647
-0.02997
-0.02805
-0.02053
-0.00898
0.00391
0.01501
0.02156
0.02194
0.01634
0.00700
-0.00226
-0.00747
-0.00628
0.00068
0.00988
0.01658
0.01738
0.01213
0.00413
-0.00185
-0.00236
0.00271
0.01019
0.01577
0.01664
0.01317
0.00844
0.00613
0.00811
0.01335
0.01859
0.02022
0.01618
0.00689
-0.00528
-0.01725
-0.02647
-0.03147
-0.03172
-0.02737
-0.01910
-0.00846
0.00190
0.00856
0.00850
0.00070
-0.01265
-0.02643
-0.03444
-0.03214
-0.01897
0.00105
0.02080
0.03298
0.03305
0.02107
0.00145
-0.01873
-0.03245
-0.03509
-0.02590
-0.00794
0.01307
0.03087
0.04073
0.04087
0.03281
0.02049
0.00866
0.00108
-0.00068
0.00252
0.00804
0.01282
0.01467
0.01300
0.00870
0.00328
-0.00203
-0.00689
-0.01160
-0.01645
-0.02112
-0.02456
-0.02561
-0.02375
-0.01951
-0.01419
-0.00907
-0.00467
-0.00074
0.00314
0.00687
0.00957
0.01021
0.00863
0.00598
0.00417
0.00446
0.00632
0.00748
0.00547
-0.00030
-0.00748
-0.01169
-0.00918
0.00032
0.01264
0.02083
0.01897
0.00581
-0.01393
-0.03155
-0.03874
-0.03194
-0.01426
0.00620
0.02055
0.02355
0.01587
0.00316
-0.00729
-0.01025
-0.00463
0.00675
0.01921
0.02849
0.03225
0.03015
0.02324
0.01321
0.00206
-0.00800
-0.01475
-0.01656
-0.01309
-0.00581
0.00237
0.00815
0.00924
0.00533
-0.00191
-0.00988
-0.01633
-0.02042
-0.02272
-0.02442
-0.02624
-0.02775
-0.02756
-0.02421
-0.01711
-0.00704
0.00415
0.01426
0.02155
0.02510
0.02472
0.02071
0.01379
0.00523
-0.00295
-0.00829
-0.00863
-0.00312
0.00709
0.01901
0.02893
0.03391
0.03288
0.02682
0.01792
0.00830
-0.00089
-0.00946
-0.01747
-0.02425
-0.02818
-0.02733
-0.02082
-0.01004
0.00130
0.00835
0.00742
-0.00201
-0.01648
-0.02962
-0.03479
-0.02814
-0.01054
0.01258
0.03348
0.04547
0.04556
0.03539
0.01977
0.00415
-0.00788
-0.01542
-0.01954
-0.02156
-0.02179
-0.01963
-0.01474
-0.00833
-0.00331
-0.00285
-0.00809
-0.01669
-0.02329
-0.02220
-0.01073
0.00880
0.02980
0.04457
0.04814
0.04049
0.02594
0.01031
-0.00217
-0.01025
-0.01494
-0.01741
-0.01757
-0.01428
-0.00702
0.00261
0.01083
0.01361
0.00925
-0.00014
-0.00942
-0.01319
-0.00884
0.00204
0.01457
0.02329
0.02478
0.01891
0.00821
-0.00383
-0.01428
-0.02133
-0.02419
-0.02273
-0.01751
-0.00993
-0.00213
0.00381
0.00680
0.00729
0.00667
0.00597
0.00460
0.00033
-0.00928
-0.02470
-0.04281
-0.05718
-0.06043
-0.04774
-0.01984
0.01619
0.04908
0.06764
0.06561
0.04458
0.01383
-0.01339
-0.02539
-0.01701
0.00832
0.04033
0.06660
0.07784
0.07123
0.05072
0.02427
0.00000
-0.01690
-0.02538
-0.02773
-0.02767
-0.02858
-0.03234
-0.03914
-0.04776
-0.05601
-0.06123
-0.06091
-0.05335
-0.03837
-0.01775
0.00499
0.02531
0.03889
0.04275
0.03620
0.02117
0.00208
-0.01510
-0.02426
-0.02106
-0.00466
0.02136
0.04959
0.07102
0.07832
0.06872
0.04526
0.01554
-0.01156
-0.02953
-0.03656
-0.03537
-0.03091
-0.02736
-0.02613
-0.02592
-0.02429
-0.01968
-0.01249
-0.00474
0.00118
0.00400
0.00423
0.00395
0.00573
0.01129
0.02030
0.03008
0.03634
0.03501
0.02442
0.00673
-0.01241
-0.02599
-0.02883
-0.02014
-0.00405
0.01212
0.02103
0.01835
0.00424
-0.01704
-0.03896
-0.05483
-0.05963
-0.05113
-0.03049
-0.00228
0.02636
0.04755
0.05527
0.04767
0.02812
0.00403
-0.01605
-0.02573
-0.02313
-0.01107
0.00462
0.01767
0.02376
0.02179
0.01372
0.00342
-0.00510
-0.00930
-0.00892
-0.00568
-0.00199
0.00062
0.00243
0.00512
0.01017
0.01706
0.02261
0.02217
0.01231
-0.00645
-0.02873
-0.04600
-0.05034
-0.03854
-0.01409
0.01400
0.03514
0.04189
0.03310
0.01398
-0.00684
-0.02139
-0.02567
-0.02054
-0.01035
-0.00030
0.00589
0.00701
0.00419
-0.00018
-0.00351
-0.00404
-0.00151
0.00247
0.00492
0.00298
-0.00419
-0.01406
-0.02121
-0.01985
-0.00728
0.01385
0.03603
0.05022
0.05035
0.03634
0.01403
-0.00809
-0.02316
-0.02894
-0.02794
-0.02489
-0.02338
-0.02368
-0.02310
-0.01836
-0.00841
0.00413
0.01399
0.01616
0.00913
-0.00358
-0.01469
-0.01673
-0.00619
0.01427
0.03682
0.05226
0.05465
0.04405
0.02592
0.00768
-0.00528
-0.01188
-0.01462
-0.01682
-0.01993
-0.02264
-0.02243
-0.01792
-0.01036
-0.00306
0.00072
-0.00004
-0.00372
-0.00736
-0.00893
-0.00862
-0.00827
-0.00952
-0.01204
-0.01359
-0.01176
-0.00640
-0.00055
0.00118
-0.00410
-0.01458
-0.02364
-0.02304
-0.00790
0.01952
0.04986
0.07063
0.07221
0.05243
0.01760
-0.02041
-0.04900
-0.05944
-0.04931
-0.02248
0.01272
0.04612
0.06843
0.07355
0.06005
0.03148
-0.00451
-0.03828
-0.06090
-0.06669
-0.05514
-0.03126
-0.00419
0.01610
0.02278
0.01530
-0.00021
-0.01382
-0.01695
-0.00695
0.01126
0.02772
0.03277
0.02223
-0.00038
-0.02562
-0.04281
-0.04491
-0.03141
-0.00806
0.01581
0.03102
0.03161
0.01666
-0.00947
-0.03837
-0.05996
-0.06563
-0.05142
-0.02001
0.01951
0.05448
0.07330
0.06997
0.04664
0.01270
-0.01886
-0.03637
-0.03355
-0.01119
0.02352
0.05945
0.08477
0.09040
0.07301
0.03689
-0.00651
-0.04210
-0.05716
-0.04756
-0.02066
0.00720
0.01841
0.00325
-0.03432
-0.07795
-0.10688
-0.10649
-0.07566
-0.02689
0.02060
0.05068
0.05747
0.04613
0.02781
0.01236
0.00353
-0.00104
-0.00573
-0.01239
-0.01846
-0.01906
-0.01116
0.00336
0.01799
0.02547
0.02257
0.01257
0.00370
0.00412
0.01661
0.03626
0.05283
0.05651
0.04363
0.01887
-0.00752
-0.02551
-0.03072
-0.02596
-0.01832
-0.01401
-0.01460
-0.01708
-0.01725
-0.01388
-0.01006
-0.01081
-0.01863
-0.03047
-0.03861
-0.03540
-0.01859
0.00635
0.02883
0.03911
0.03395
0.01843
0.00291
-0.00303
0.00423
0.02064
0.03708
0.04427
0.03733
0.01768
-0.00815
-0.03182
-0.04661
-0.04972
-0.04253
-0.02917
-0.01435
-0.00146
0.00806
0.01414
0.01692
0.01589
0.01019
-0.00019
-0.01332
-0.02532
-0.03183
-0.03007
-0.02015
-0.00487
0.01203
0.02763
0.04068
0.05100
0.05822
0.06110
0.05793
0.04782
0.03183
0.01301
-0.00468
-0.01808
-0.02602
-0.02960
-0.03125
-0.03338
-0.03704
-0.04148
-0.04464
-0.04454
-0.04061
-0.03436
-0.02859
-0.02565
-0.02553
-0.02521
-0.01988
-0.00573
0.01719
0.04384
0.06557
0.07387
0.06442
0.03956
0.00776
-0.01972
-0.03338
-0.02910
-0.00937
0.01826
0.04448
0.06163
0.06598
0.05800
0.04100
0.01906
-0.00461
-0.02803
-0.04956
-0.06667
-0.07558
-0.07239
-0.05551
-0.02777
0.00327
0.02758
0.03673
0.02759
0.00387
-0.02540
-0.04969
-0.06095
-0.05606
-0.03680
-0.00810
0.02406
0.05399
0.07658
0.08725
0.08260
0.06199
0.02930
-0.00666
-0.03412
-0.04275
-0.02858
0.00314
0.03899
0.06254
0.06133
0.03256
-0.01545
-0.06658
-0.10351
-0.11454
-0.09766
-0.06042
-0.01606
0.02213
0.04552
0.05216
0.04545
0.03085
0.01288
-0.00594
-0.02381
-0.03773
-0.04300
-0.03528
-0.01408
0.01498
0.04158
0.05550
0.05229
0.03595
0.01672
0.00506
0.00579
0.01593
0.02754
0.03305
0.02969
0.02002
0.00916
0.00092
-0.00417
-0.00814
-0.01321
-0.01996
-0.02722
-0.03331
-0.03736
-0.03951
-0.04011
-0.03873
-0.03408
-0.02501
-0.01173
0.00343
0.01649
0.02312
0.02048
0.00848
-0.00965
-0.02805
-0.04009
-0.04074
-0.02870
-0.00702
0.01817
0.04029
0.05489
0.06070
0.05864
0.04987
0.03466
0.01322
-0.01198
-0.03445
-0.04478
-0.03491
-0.00359
0.04047
0.08053
0.09858
0.08411
0.03999
-0.01774
-0.06657
-0.08755
-0.07395
-0.03439
0.01122
0.04088
0.04068
0.01103
-0.03397
-0.07366
-0.09091
-0.07999
-0.04828
-0.01131
0.01564
0.02473
0.01753
0.00173
-0.01462
-0.02722
-0.03566
-0.04016
-0.03829
-0.02454
0.00636
0.05424
0.11004
0.15680
0.17551
0.15321
0.08963
-0.00090
-0.09345
-0.16072
-0.18245
-0.15238
-0.08051
0.01027
0.09161
0.13895
0.13934
0.09530
0.02327
-0.05236
-0.10769
-0.12664
-0.10514
-0.05101
0.01937
0.08607
0.13073
0.14092
0.11336
0.05508
-0.01797
-0.08540
-0.12884
-0.13821
-0.11493
-0.07061
-0.02179
0.01667
0.03654
0.03748
0.02487
0.00591
-0.01350
-0.03000
-0.04184
-0.04725
-0.04335
-0.02663
0.00494
0.04932
0.09865
0.13967
0.15709
0.13903
0.08288
-0.00121
-0.09115
-0.15895
-0.18023
-0.14372
-0.05700
0.05464
0.15605
0.21426
0.20986
0.14354
0.03523
-0.08336
-0.17970
-0.23042
-0.22696
-0.17559
-0.09292
0.00029
0.08433
0.14359
0.16764
0.15184
0.09847
0.01819
-0.06999
-0.14181
-0.17433
-0.15432
-0.08455
0.01529
0.11456
0.18267
0.20023
0.16551
0.09324
0.00686
-0.07132
-0.12703
-0.15512
-0.15590
-0.13054
-0.07957
-0.00583
0.08069
0.16055
0.20836
0.20193
0.13304
0.01420
-0.12260
-0.23529
-0.28607
-0.25487
-0.14703
0.00772
0.16460
0.27791
0.31528
0.26697
0.14760
-0.00953
-0.16281
-0.27330
-0.31355
-0.27290
-0.15950
0.00060
0.16768
0.29660
0.34851
0.30334
0.16850
-0.02050
-0.20933
-0.34130
-0.37566
-0.30081
-0.13810
0.06500
0.24945
0.36233
0.37203
0.27703
0.10589
-0.09135
-0.25800
-0.34748
-0.33702
-0.23385
-0.07199
0.09923
0.23091
0.28892
0.26249
0.16477
0.02651
-0.11435
-0.22304
-0.27561
-0.26255
-0.18879
-0.07134
0.06426
0.18811
0.27104
0.29071
0.23817
0.12275
-0.02727
-0.17029
-0.26284
-0.27353
-0.19455
-0.04584
0.12987
0.27985
0.35753
0.33678
0.22001
0.03775
-0.16012
-0.31887
-0.39497
-0.36854
-0.24857
-0.06924
0.12073
0.27168
0.34542
0.32362
0.21123
0.03531
-0.16034
-0.32452
-0.41118
-0.39247
-0.26846
-0.06934
0.15187
0.33453
0.42844
0.40885
0.28332
0.08867
-0.12033
-0.28697
-0.36823
-0.34609
-0.23153
-0.06023
0.11854
0.25672
0.32126
0.30245
0.21436
0.08774
-0.04134
-0.14254
-0.19818
-0.20457
-0.16887
-0.10406
-0.02476
0.05510
0.12303
0.16821
0.18231
0.16093
0.10533
0.02350
-0.07008
-0.15658
-0.21663
-0.23517
-0.20601
-0.13440
-0.03645
0.06493
0.14631
0.19011
0.18893
0.14650
0.07549
-0.00664
-0.08210
-0.13637
-0.16051
-0.15204
-0.11454
-0.05623
0.01214
0.07939
0.13529
0.17105
0.17948
0.15568
0.09909
0.01620
-0.07789
-0.16110
-0.20997
-0.20786
-0.15210
-0.05648
0.05269
0.14550
0.19839
0.20091
0.15671
0.07984
-0.01107
-0.09746
-0.16318
-0.19540
-0.18569
-0.13237
-0.04319
0.06404
0.16429
0.23174
0.24752
0.20564
0.11491
-0.00352
-0.12185
-0.21244
-0.25419
-0.23738
-0.16613
-0.05801
0.05976
0.15708
0.20921
0.20398
0.14529
0.05162
-0.04992
-0.13192
-0.17440
-0.16955
-0.12263
-0.04922
0.02965
0.09323
0.12606
0.12146
0.08283
0.02239
-0.04219
-0.09265
-0.11529
-0.10485
-0.06607
-0.01209
0.03981
0.07396
0.08145
0.06276
0.02696
-0.01203
-0.04039
-0.04879
-0.03462
-0.00207
0.03970
0.07935
0.10637
0.11372
0.09939
0.06665
0.02292
-0.02207
-0.05837
-0.07770
-0.07506
-0.05039
-0.00975
0.03476
0.06737
0.07331
0.04457
-0.01582
-0.09298
-0.16401
-0.20522
-0.20027
-0.14639
-0.05616
0.04566
0.12969
0.17150
0.15999
0.10148
0.01768
-0.06201
-0.11112
-0.11539
-0.07715
-0.01317
0.05278
0.09928
0.11473
0.10019
0.06692
0.03030
0.00307
-0.00930
-0.00916
-0.00357
0.00042
-0.00033
-0.00411
-0.00641
-0.00348
0.00480
0.01453
0.01970
0.01545
0.00046
-0.02240
-0.04730
-0.06752
-0.07721
-0.07253
-0.05242
-0.01953
0.01900
0.05207
0.06749
0.05709
0.02181
-0.02650
-0.06862
-0.08604
-0.06958
-0.02384
0.03511
0.08749
0.11843
0.12298
0.10519
0.07335
0.03495
-0.00544
-0.04484
-0.07924
-0.10242
-0.10759
-0.09096
-0.05483
-0.00823
0.03567
0.06413
0.06924
0.05046
0.01437
-0.02780
-0.06378
-0.08369
-0.08246
-0.06082
-0.02493
0.01542
0.04960
0.06925
0.07081
0.05644
0.03269
0.00753
-0.01273
-0.02514
-0.02951
-0.02619
-0.01438
0.00743
0.03872
0.07373
0.10073
0.10558
0.07868
0.02180
-0.04950
-0.11039
-0.13681
-0.11656
-0.05577
0.02285
0.08926
0.11880
0.10212
0.04817
-0.02073
-0.07892
-0.10770
-0.10149
-0.06802
-0.02340
0.01526
0.03619
0.03636
0.02101
0.00024
-0.01581
-0.02115
-0.01611
-0.00660
-0.00077
-0.00463
-0.01859
-0.03667
-0.04910
-0.04706
-0.02737
0.00535
0.04046
0.06597
0.07398
0.06403
0.04278
0.02054
0.00652
0.00521
0.01534
0.03119
0.04540
0.05174
0.04714
0.03245
0.01208
-0.00776
-0.02152
-0.02689
-0.02599
-0.02431
-0.02766
-0.03859
-0.05445
-0.06854
-0.07360
-0.06566
-0.04593
-0.01961
0.00703
0.02923
0.04429
0.05042
0.04578
0.02944
0.00401
-0.02245
-0.03811
-0.03294
-0.00562
0.03315
0.06416
0.06922
0.04168
-0.00849
-0.05854
-0.08409
-0.07151
-0.02494
0.03542
0.08256
0.09448
0.06343
-0.00093
-0.07496
-0.12962
-0.14122
-0.10112
-0.02053
0.07210
0.14147
0.16024
0.12169
0.04381
-0.03810
-0.08746
-0.08334
-0.02976
0.04715
0.11219
0.13748
0.11391
0.05296
-0.02086
-0.08183
-0.11318
-0.11146
-0.08456
-0.04608
-0.00960
0.01470
0.02098
0.00741
-0.02363
-0.06471
-0.10323
-0.12366
-0.11271
-0.06575
0.00881
0.09035
0.15256
0.17346
0.14411
0.07235
-0.01997
-0.10456
-0.15573
-0.15752
-0.10759
-0.01763
0.08938
0.18452
0.24051
0.24003
0.18201
0.08291
-0.02839
-0.12047
-0.17002
-0.16846
-0.12234
-0.04846
0.03258
0.10126
0.14135
0.14125
0.09632
0.01245
-0.09172
-0.18743
-0.24441
-0.24272
-0.18180
-0.08161
0.02550
0.10795
0.14650
0.13855
0.09463
0.03060
-0.03877
-0.10180
-0.14791
-0.16546
-0.14283
-0.07359
0.03705
0.16857
0.28774
0.35759
0.35001
0.25737
0.09838
-0.08477
-0.23828
-0.31456
-0.28986
-0.17462
-0.01120
0.14122
0.22929
0.22603
0.14040
0.01163
-0.10868
-0.17823
-0.17976
-0.12470
-0.04459
0.02431
0.05583
0.04215
-0.00632
-0.06757
-0.11694
-0.13494
-0.11200
-0.05031
0.03655
0.12592
0.19064
0.20617
0.15918
0.05483
-0.08096
-0.20694
-0.27909
-0.26663
-0.16487
0.00060
0.18097
0.32049
0.37590
0.33149
0.20420
0.03692
-0.11722
-0.21332
-0.22922
-0.17080
-0.06709
0.04215
0.12091
0.14790
0.12066
0.05277
-0.03315
-0.11326
-0.16844
-0.18775
-0.16963
-0.12163
-0.05822
0.00330
0.04834
0.07008
0.07149
0.06270
0.05500
0.05432
0.05832
0.05847
0.04608
0.01844
-0.01845
-0.05199
-0.06859
-0.05978
-0.02583
0.02420
0.07560
0.11287
0.12446
0.10605
0.06132
0.00022
-0.06459
-0.12141
-0.16154
-0.17929
-0.17085
-0.13411
-0.07056
0.01164
0.09587
0.15964
0.18185
0.15212
0.07749
-0.01785
-0.10058
-0.14089
-0.12415
-0.05639
0.03861
0.12868
0.18485
0.19057
0.14587
0.06609
-0.02360
-0.09589
-0.12964
-0.11668
-0.06530
0.00163
0.05432
0.06743
0.03108
-0.04378
-0.12844
-0.18763
-0.19414
-0.14060
-0.04307
0.06536
0.14812
0.17996
0.15647
0.09432
0.02242
-0.03172
-0.05375
-0.04705
-0.02823
-0.01624
-0.02131
-0.03944
-0.05538
-0.05207
-0.02121
0.03109
0.08639
0.12254
0.12411
0.08934
0.03079
-0.03014
-0.07179
-0.08026
-0.05410
-0.00429
0.04990
0.08769
0.09398
0.06444
0.00690
-0.06141
-0.11972
-0.15032
-0.14398
-0.10246
-0.03786
0.03077
0.08280
0.10212
0.08253
0.03067
-0.03515
-0.09056
-0.11387
-0.09475
-0.03913
0.03241
0.09281
0.11992
0.10627
0.06240
0.01205
-0.01875
-0.01367
0.02634
0.08331
0.12990
0.14097
0.10412
0.02492
-0.07493
-0.16548
-0.21932
-0.22105
-0.17208
-0.08912
0.00247
0.07765
0.11917
0.12131
0.08921
0.03533
-0.02494
-0.07696
-0.10925
-0.11507
-0.09334
-0.04900
0.00782
0.06412
0.10752
0.12979
0.12909
0.10987
0.08050
0.04972
0.02367
0.00476
-0.00754
-0.01483
-0.01856
-0.02001
-0.02115
-0.02519
-0.03546
-0.05298
-0.07423
-0.09096
-0.09311
-0.07371
-0.03351
0.01747
0.06268
0.08513
0.07437
0.03150
-0.02995
-0.08762
-0.11755
-0.10271
-0.04029
0.05525
0.15505
0.22486
0.23757
0.18451
0.08044
-0.04103
-0.14028
-0.18749
-0.17422
-0.11538
-0.04081
0.01879
0.04467
0.03540
0.00350
-0.03368
-0.06285
-0.07887
-0.08282
-0.07698
-0.06100
-0.03223
0.01031
0.06176
0.11068
0.14310
0.14939
0.12950
0.09338
0.05577
0.02873
0.01592
0.01214
0.00779
-0.00457
-0.02545
-0.04815
-0.06252
-0.06072
-0.04175
-0.01264
0.01409
0.02556
0.01409
-0.01926
-0.06467
-0.10723
-0.13283
-0.13347
-0.10962
-0.06870
-0.02078
0.02563
0.06535
0.09529
0.11201
0.11077
0.08766
0.04396
-0.01046
-0.05791
-0.07883
-0.06077
-0.00563
0.06877
0.13455
0.16451
0.14322
0.07343
-0.02477
-0.12132
-0.18671
-0.20150
-0.16139
-0.07718
0.02949
0.13234
0.20646
0.23335
0.20458
0.12427
0.00955
-0.11210
-0.20917
-0.25511
-0.23703
-0.16035
-0.04709
0.07166
0.16577
0.21446
0.21001
0.15698
0.06891
-0.03518
-0.13360
-0.20494
-0.23219
-0.20775
-0.13721
-0.03947
0.05817
0.12863
0.15397
0.13100
0.07167
-0.00165
-0.06380
-0.09464
-0.08465
-0.03712
0.03344
0.10580
0.15822
0.17441
0.14797
0.08408
-0.00157
-0.08669
-0.14814
-0.16844
-0.14135
-0.07433
0.01330
0.09633
0.15162
0.16495
0.13416
0.06812
-0.01690
-0.10160
-0.16717
-0.19842
-0.18696
-0.13436
-0.05358
0.03340
0.10215
0.13457
0.12571
0.08520
0.03228
-0.01285
-0.03696
-0.03734
-0.02015
0.00436
0.02646
0.03949
0.04013
0.02796
0.00524
-0.02280
-0.04856
-0.06420
-0.06489
-0.05151
-0.03072
-0.01201
-0.00288
-0.00483
-0.01244
-0.01616
-0.00745
0.01652
0.05086
0.08485
0.10663
0.10834
0.08926
0.05567
0.01781
-0.01430
-0.03437
-0.04127
-0.03859
-0.03278
-0.03080
-0.03771
-0.05456
-0.07730
-0.09734
-0.10435
-0.09067
-0.05529
-0.00519
0.04711
0.08904
0.11329
0.12008
0.11489
0.10348
0.08752
0.06389
0.02813
-0.02032
-0.07473
-0.12204
-0.14780
-0.14246
-0.10571
-0.04684
0.01856
0.07373
0.10550
0.10732
0.08041
0.03328
-0.02024
-0.06433
-0.08567
-0.07795
-0.04454
0.00237
0.04650
0.07414
0.07948
0.06588
0.04235
0.01781
-0.00330
-0.02131
-0.03781
-0.05151
-0.05686
-0.04720
-0.02039
0.01697
0.05036
0.06350
0.04689
0.00379
-0.04998
-0.09277
-0.10710
-0.08773
-0.04404
0.00475
0.03877
0.04691
0.03159
0.00694
-0.00880
-0.00265
0.02662
0.06814
0.10474
0.12134
0.11168
0.07973
0.03611
-0.00778
-0.04421
-0.06994
-0.08407
-0.08561
-0.07297
-0.04600
-0.00864
0.02980
0.05657
0.05985
0.03400
-0.01691
-0.07887
-0.13163
-0.15536
-0.13815
-0.08145
-0.00086
0.07857
0.13116
0.14002
0.10326
0.03452
-0.04199
-0.09980
-0.11864
-0.09049
-0.02189
0.06792
0.15249
0.20603
0.21154
0.16641
0.08328
-0.01444
-0.10080
-0.15574
-0.17057
-0.14858
-0.10163
-0.04484
0.00816
0.04789
0.06976
0.07335
0.06134
0.03829
0.00967
-0.01895
-0.04246
-0.05657
-0.05830
-0.04667
-0.02351
0.00613
0.03484
0.05492
0.06090
0.05147
0.02949
0.00037
-0.03021
-0.05773
-0.07867
-0.08939
-0.08551
-0.06313
-0.02196
0.03159
0.08358
0.11583
0.11281
0.06948
-0.00378
-0.08245
-0.13580
-0.13900
-0.08417
0.01455
0.12508
0.20925
0.23788
0.20234
0.11762
0.01537
-0.06971
-0.11393
-0.11284
-0.08027
-0.03947
-0.01129
-0.00556
-0.01919
-0.04106
-0.05977
-0.06964
-0.07202
-0.07216
-0.07436
-0.07846
-0.07943
-0.06999
-0.04465
-0.00335
0.04683
0.09302
0.12089
0.12074
0.09289
0.04923
0.00914
-0.00902
0.00294
0.03846
0.07926
0.10484
0.10353
0.07860
0.04564
0.02253
0.01777
0.02448
0.02410
-0.00177
-0.05835
-0.13151
-0.19292
-0.21427
-0.18272
-0.10862
-0.02113
0.04595
0.07020
0.04983
0.00212
-0.04695
-0.07523
-0.07259
-0.04165
0.00721
0.06222
0.11389
0.15496
0.17831
0.17612
0.14224
0.07678
-0.00996
-0.09772
-0.16195
-0.18303
-0.15453
-0.08638
-0.00110
0.07498
0.12115
0.12839
0.09982
0.04703
-0.01512
-0.07243
-0.11303
-0.12779
-0.11100
-0.06230
0.01088
0.09220
0.15880
0.18766
0.16426
0.09005
-0.01548
-0.12015
-0.19064
-0.20544
-0.16334
-0.08323
0.00481
0.07253
0.10435
0.10112
0.07566
0.04388
0.01662
-0.00342
-0.01903
-0.03297
-0.04384
-0.04618
-0.03478
-0.00982
0.02079
0.04411
0.04869
0.03134
-0.00005
-0.02973
-0.04187
-0.02878
0.00479
0.04387
0.07063
0.07321
0.05125
0.01538
-0.01876
-0.03873
-0.04134
-0.03356
-0.02794
-0.03531
-0.05831
-0.08932
-0.11354
-0.11568
-0.08706
-0.02973
0.04379
0.11487
0.16512
0.18229
0.16385
0.11727
0.05737
0.00148
-0.03602
-0.04809
-0.03666
-0.01115
0.01576
0.03296
0.03456
0.02067
-0.00410
-0.03349
-0.06185
-0.08507
-0.10034
-0.10566
-0.09987
-0.08344
-0.05927
-0.03269
-0.01035
0.00203
0.00189
-0.00878
-0.02354
-0.03329
-0.02919
-0.00588
0.03604
0.08919
0.14083
0.17635
0.18391
0.15872
0.10549
0.03768
-0.02638
-0.06946
-0.08161
-0.06390
-0.02836
0.00640
0.02245
0.00978
-0.02926
-0.08059
-0.12395
-0.14108
-0.12321
-0.07439
-0.00967
0.05106
0.09068
0.10072
0.08359
0.05060
0.01701
-0.00402
-0.00612
0.00829
0.02963
0.04541
0.04540
0.02564
-0.01020
-0.05223
-0.08774
-0.10522
-0.09792
-0.06609
-0.01749
0.03436
0.07391
0.08856
0.07333
0.03304
-0.01890
-0.06502
-0.08989
-0.08544
-0.05355
-0.00508
0.04401
0.07806
0.08668
0.06772
0.02760
-0.02111
-0.06364
-0.08715
-0.08399
-0.05325
-0.00075
0.06241
0.12226
0.16504
0.18036
0.16364
0.11735
0.05065
-0.02237
-0.08571
-0.12526
-0.13289
-0.10950
-0.06566
-0.01873
0.01319
0.01820
-0.00455
-0.04473
-0.08548
-0.11060
-0.11109
-0.08809
-0.05165
-0.01616
0.00549
0.00722
-0.00728
-0.02497
-0.02793
-0.00123
0.05873
0.13904
0.21230
0.24632
0.21851
0.12822
0.00056
-0.12122
-0.19220
-0.18417
-0.09764
0.03734
0.17175
0.25496
0.25237
0.15749
-0.00492
-0.18566
-0.32603
-0.37707
-0.31745
-0.16368
0.03234
0.19938
0.27239
0.21848
0.05283
-0.16289
-0.34128
-0.40246
-0.30753
-0.07811
0.20766
0.44332
0.53635
0.44719
0.20776
-0.08982
-0.33024
-0.42185
-0.33313
-0.10339
0.17553
0.39703
0.48018
0.39675
0.17688
-0.10570
-0.36030
-0.50786
-0.50314
-0.34612
-0.08129
0.21447
0.45279
0.55921
0.49613
0.27619
-0.03946
-0.35882
-0.58751
-0.65867
-0.55385
-0.30785
0.00384
0.29002
0.47220
0.50709
0.39646
0.18255
-0.06791
-0.28463
-0.41280
-0.42487
-0.32330
-0.13575
0.09393
0.31547
0.48083
0.55170
0.50653
0.34702
0.10202
-0.17416
-0.41171
-0.54297
-0.52364
-0.35005
-0.06523
0.25031
0.50140
0.60771
0.52999
0.28409
-0.06217
-0.40844
-0.65183
-0.71803
-0.58429
-0.28686
0.08933
0.43594
0.65357
0.68114
0.51337
0.20103
-0.16543
-0.48335
-0.66757
-0.67339
-0.50647
-0.21810
0.11161
0.39664
0.56735
0.58666
0.45697
0.21712
-0.06898
-0.32896
-0.49968
-0.54179
-0.44788
-0.24261
0.02446
0.29116
0.49696
0.59625
0.56795
0.41964
0.18531
-0.08275
-0.32602
-0.49246
-0.54706
-0.47789
-0.29767
-0.04133
0.23934
0.48384
0.63364
0.64500
0.50144
0.22220
-0.13726
-0.49486
-0.76063
-0.86034
-0.75725
-0.46566
-0.05118
0.38330
0.72345
0.87442
0.78853
0.48110
0.02912
-0.44815
-0.82140
-0.98735
-0.89799
-0.57412
-0.09955
0.40232
0.80231
1.00000
0.94949
0.66985
0.23824
-0.23192
-0.62134
-0.83581
-0.82942
-0.61418
-0.25391
0.15532
0.51184
0.73420
0.77917
0.64796
0.38110
0.04512
-0.28408
-0.53709
-0.66352
-0.64009
-0.47400
-0.20143
0.11892
0.41702
0.62575
0.69577
0.60745
0.37678
0.05301
-0.29169
-0.57863
-0.74125
-0.74156
-0.58039
-0.29843
0.03283
0.32894
0.51506
0.54698
0.42388
0.18798
-0.08930
-0.32966
-0.47072
-0.48147
-0.36659
-0.16036
0.08515
0.31339
0.47503
0.53731
0.49036
0.34958
0.15240
-0.05097
-0.21115
-0.29328
-0.28619
-0.20381
-0.07851
0.05041
0.14871
0.19544
0.18541
0.12682
0.03640
-0.06538
-0.15770
-0.22205
-0.24498
-0.22156
-0.15808
-0.07217
0.01146
0.06898
0.08647
0.06602
0.02552
-0.00868
-0.01385
0.01747
0.07186
0.11925
0.12629
0.07366
-0.03086
-0.15099
-0.23446
-0.23535
-0.13645
0.03889
0.23220
0.37127
0.39910
0.29814
0.09904
-0.12996
-0.30897
-0.37706
-0.31495
-0.15095
0.05176
0.22030
0.29925
0.26906
0.14959
-0.01080
-0.15496
-0.23729
-0.23766
-0.16536
-0.05304
0.05635
0.12482
0.13224
0.08253
0.00118
-0.07534
-0.11436
-0.10035
-0.04115
0.03578
0.09562
0.11163
0.07689
0.00715
-0.06635
-0.11055
-0.10466
-0.04846
0.03820
0.12376
0.17734
0.18006
0.13127
0.04815
-0.04084
-0.10613
-0.12747
-0.10118
-0.04141
0.02533
0.07049
0.07495
0.03663
-0.02877
-0.09456
-0.13423
-0.13242
-0.09079
-0.02684
0.03376
0.06769
0.06316
0.02439
-0.03005
-0.07412
-0.08390
-0.04692
0.03201
0.13037
0.21378
0.24706
0.20728
0.09437
-0.06531
-0.22500
-0.33210
-0.34655
-0.25616
-0.08287
0.12267
0.29682
0.38328
0.35179
0.20888
-0.00266
-0.21601
-0.36125
-0.38869
-0.28684
-0.08785
0.14260
0.32808
0.40851
0.36091
0.20601
-0.00138
-0.19324
-0.31169
-0.32648
-0.24167
-0.09130
0.07305
0.19846
0.24651
0.20475
0.09086
-0.05283
-0.17352
-0.22692
-0.19406
-0.08906
0.04598
0.15752
0.20186
0.16229
0.05509
-0.07787
-0.18641
-0.23164
-0.20002
-0.10674
0.01194
0.11348
0.16492
0.15390
0.09158
0.00711
-0.06393
-0.09281
-0.06799
0.00095
0.08737
0.15792
0.18536
0.15866
0.08636
-0.00776
-0.09450
-0.14983
-0.16198
-0.13291
-0.07513
-0.00632
0.05547
0.09545
0.10456
0.08168
0.03480
-0.02014
-0.06383
-0.08075
-0.06594
-0.02785
0.01481
0.04129
0.03833
0.00635
-0.04070
-0.08159
-0.09742
-0.07995
-0.03501
0.02043
0.06601
0.08693
0.07974
0.05232
0.01846
-0.00985
-0.02785
-0.03838
-0.04722
-0.05704
-0.06391
-0.05895
-0.03412
0.01151
0.06884
0.12106
0.15013
0.14420
0.10264
0.03675
-0.03377
-0.08718
-0.10680
-0.08677
-0.03456
0.03083
0.08474
0.10527
0.08114
0.01629
-0.07069
-0.15214
-0.20022
-0.19635
-0.13822
-0.04169
0.06351
0.14357
0.17284
0.14379
0.07038
-0.01701
-0.08330
-0.10225
-0.06624
0.01131
0.10128
0.16951
0.18848
0.14665
0.05268
-0.06653
-0.17378
-0.23362
-0.22489
-0.14915
-0.03117
0.08948
0.17261
0.19167
0.14226
0.04217
-0.07615
-0.17661
-0.22995
-0.22084
-0.15096
-0.03830
0.08708
0.19055
0.24260
0.22823
0.15249
0.03945
-0.07573
-0.15849
-0.18600
-0.15317
-0.07224
0.03300
0.13501
0.20955
0.24018
0.22051
0.15464
0.05657
-0.05167
-0.14391
-0.19582
-0.19229
-0.13392
-0.03959
0.05733
0.11931
0.11847
0.04842
-0.07157
-0.20249
-0.29982
-0.32985
-0.28134
-0.16812
-0.02249
0.11664
0.21600
0.25659
0.23738
0.17401
0.09371
0.02713
-0.00133
0.01781
0.07460
0.14222
0.18681
0.18145
0.11832
0.01309
-0.10112
-0.18779
-0.22246
-0.20214
-0.14426
-0.07664
-0.02406
0.00127
0.00161
-0.01144
-0.02458
-0.02836
-0.01850
0.00549
0.04144
0.08374
0.12170
0.14006
0.12381
0.06631
-0.02351
-0.12004
-0.18868
-0.19982
-0.14297
-0.03358
0.09117
0.18638
0.21690
0.17070
0.06274
-0.07154
-0.18937
-0.25500
-0.25000
-0.17702
-0.05720
0.07686
0.18999
0.25324
0.25116
0.18614
0.07854
-0.03837
-0.12826
-0.16387
-0.13695
-0.06144
0.03218
0.10939
0.14533
0.13336
0.08488
0.02162
-0.03478
-0.07043
-0.08138
-0.07136
-0.04826
-0.02157
-0.00118
0.00411
-0.01056
-0.04288
-0.08203
-0.11141
-0.11516
-0.08546
-0.02712
0.04312
0.10232
0.12959
0.11370
0.05766
-0.02121
-0.09585
-0.13768
-0.12664
-0.05953
0.04672
0.15920
0.23979
0.25886
0.20628
0.09553
-0.04073
-0.16163
-0.23124
-0.22967
-0.15859
-0.04008
0.09042
0.19460
0.24189
0.21734
0.12475
-0.01488
-0.16847
-0.29817
-0.36967
-0.36055
-0.26715
-0.10778
0.08008
0.24911
0.35582
0.37382
0.30173
0.16276
-0.00322
-0.15169
-0.24510
-0.26121
-0.19711
-0.06934
0.08938
0.23682
0.33094
0.34113
0.25792
0.09759
-0.10082
-0.28589
-0.40842
-0.43565
-0.36053
-0.20359
-0.00715
0.17610
0.29725
0.32444
0.25180
0.10163
-0.08127
-0.24182
-0.33030
-0.31681
-0.20028
-0.00942
0.20472
0.38264
0.47299
0.44730
0.30865
0.09166
-0.14660
-0.34223
-0.44228
-0.41947
-0.27996
-0.06217
0.17317
0.35906
0.44073
0.39165
0.22256
-0.02000
-0.26621
-0.44352
-0.49908
-0.41665
-0.22208
0.02481
0.24933
0.38548
0.39629
0.28431
0.08927
-0.12543
-0.29275
-0.36188
-0.31239
-0.15909
0.05315
0.26241
0.40722
0.44373
0.35822
0.17154
-0.06597
-0.28809
-0.43159
-0.45492
-0.35144
-0.15230
0.08242
0.28210
0.38786
0.37110
0.24195
0.04505
-0.15572
-0.29780
-0.33909
-0.26994
-0.11489
0.07578
0.24182
0.33159
0.31780
0.20554
0.02991
-0.15583
-0.29756
-0.35680
-0.32095
-0.20462
-0.04267
0.12153
0.24828
0.31098
0.30081
0.22682
0.11207
-0.01280
-0.11727
-0.17818
-0.18507
-0.14248
-0.06836
0.01097
0.06843
0.08468
0.05487
-0.00868
-0.08004
-0.12886
-0.13257
-0.08636
-0.00629
0.07672
0.12974
0.13175
0.08243
0.00188
-0.07814
-0.12711
-0.12709
-0.07824
0.00297
0.09097
0.16033
0.19328
0.18346
0.13541
0.06138
-0.02251
-0.09910
-0.15204
-0.16770
-0.13846
-0.06706
0.03018
0.12462
0.18285
0.17899
0.10683
-0.01455
-0.14559
-0.24070
-0.26630
-0.21441
-0.10558
0.02012
0.11961
0.16333
0.14479
0.07988
-0.00235
-0.07226
-0.10974
-0.10835
-0.07356
-0.01778
0.04463
0.10011
0.13712
0.14693
0.12551
0.07590
0.00952
-0.05549
-0.09922
-0.10669
-0.07341
-0.00751
0.07251
0.14323
0.18297
0.17767
0.12465
0.03359
-0.07557
-0.17756
-0.24856
-0.27264
-0.24552
-0.17434
-0.07417
0.03663
0.13949
0.21690
0.25298
0.23570
0.16152
0.04036
-0.10242
-0.23014
-0.30496
-0.30064
-0.21281
-0.06224
0.11040
0.25664
0.33502
0.32390
0.22800
0.07675
-0.08515
-0.21183
-0.27009
-0.24848
-0.15863
-0.02951
0.10250
0.20365
0.25025
0.23239
0.15478
0.03527
-0.09859
-0.21523
-0.28660
-0.29559
-0.24100
-0.13768
-0.01164
0.10780
0.19600
0.23810
0.23055
0.17965
0.09896
0.00689
-0.07552
-0.12731
-0.13180
-0.08211
0.01374
0.13117
0.23315
0.28060
0.24652
0.12833
-0.04717
-0.23010
-0.36375
-0.40512
-0.34146
-0.19548
-0.01707
0.13535
0.21586
0.20629
0.12025
-0.00458
-0.12172
-0.19243
-0.19740
-0.14032
-0.04325
0.06309
0.14972
0.19697
0.19739
0.15490
0.08220
-0.00205
-0.07611
-0.11910
-0.11650
-0.06617
0.01834
0.11000
0.17702
0.19512
0.15797
0.08038
-0.00773
-0.07412
-0.09762
-0.07601
-0.02509
0.02978
0.06468
0.06579
0.03239
-0.02540
-0.09176
-0.15040
-0.18828
-0.19771
-0.17717
-0.13125
-0.06950
-0.00422
0.05228
0.09026
0.10421
0.09357
0.06277
0.02098
-0.01899
-0.04305
-0.03969
-0.00454
0.05622
0.12580
0.18093
0.19929
0.16796
0.08941
-0.01730
-0.12140
-0.18996
-0.19945
-0.14493
-0.04331
0.07138
0.15941
0.18939
0.14936
0.05060
-0.07699
-0.19562
-0.27185
-0.28598
-0.23614
-0.13681
-0.01349
0.10449
0.19122
0.22996
0.21666
0.16021
0.07954
-0.00188
-0.06248
-0.08815
-0.07535
-0.03101
0.03036
0.09105
0.13478
0.15046
0.13437
0.09064
0.02984
-0.03389
-0.08653
-0.11780
-0.12336
-0.10543
-0.07179
-0.03382
-0.00403
0.00684
-0.00728
-0.04529
-0.09834
-0.15195
-0.19042
-0.20179
-0.18080
-0.12879
-0.05148
0.04297
0.14376
0.23560
0.29826
0.31048
0.25858
0.14610
-0.00151
-0.14179
-0.22933
-0.23331
-0.15024
-0.00587
0.15454
0.28250
0.34204
0.31900
0.22207
0.07764
-0.07858
-0.21033
-0.28884
-0.29959
-0.24640
-0.15121
-0.04796
0.02850
0.05500
0.02914
-0.02971
