0.705
0.711
0.624
0.514
0.499
0.517
0.482
0.567
0.603
0.496
0.607
0.655
0.559
0.661
0.674
0.668
0.689
0.611
0.514
0.555
0.561
0.609
0.584
0.542
0.546
0.567
0.552
0.524
0.538
0.572
0.595
0.627
0.61
0.646
0.647
0.643
0.631
0.603
0.562
0.642
0.658
0.648
0.629
0.561
0.561
0.524
0.481
0.523
0.54
0.526
0.517
0.531
0.525
0.487
0.443
0.493
0.582
0.603
0.649
0.637
0.685
0.634
0.569
0.594
0.574
0.533
0.55
0.559
0.568
0.516
0.573
0.54
0.682
0.676
0.563
0.591
0.586
0.588
0.566
0.542
0.463
0.517
0.539
0.41
0.416
0.535
0.534
0.538
0.603
0.587
0.61
0.7
0.724
0.756
0.784
0.782
0.766
0.768
0.73
0.699
0.714
0.699
0.743
0.716
0.734
0.699
0.556
0.607
0.613
0.705
0.691
0.656
0.655
0.683
0.69
0.714
0.623
0.589
0.584
0.579
0.606
0.61
0.67
0.592
0.552
0.496
0.501
0.559
0.497
0.53
0.373
0.33
0.5
0.507
0.526
0.547
0.531
0.571
0.469
0.488
0.531
0.473
0.515
0.549
0.582
0.572
0.574
0.605
0.589
0.6
0.6
0.622
0.641
0.668
0.81
0.872
0.719
0.829
0.698
0.813
0.758
0.756
0.698
0.607
0.559
0.576
0.665
0.774
0.62
0.499
0.609
0.572
0.379
0.385
0.484
0.455
0.439
0.45
0.391
0.48
0.495
0.527
0.553
0.513
0.381
0.434
0.399
0.442
0.537
0.536
0.537
0.53
0.478
0.513
0.514
0.553
0.535
0.513
0.525
0.52
0.513
0.518
0.494
0.507
0.468
0.472
0.512
0.576
0.562
0.466
0.487
0.53
0.505
0.518
0.518
0.535
0.535
0.542
0.542
0.549
0.592
0.641
0.639
0.565
0.565
0.56
0.583
0.575
0.57
0.483
0.477
0.604
0.644
0.647
0.655
0.709
0.669
0.602
0.57
0.554
0.493
0.461
0.629
0.642
0.635
0.642
0.67
0.624
0.663
0.669
0.724
0.786
0.883
0.813
0.814
0.778
0.765
0.704
0.713
0.646
0.664
0.612
0.675
0.645
0.61
0.649
0.669
0.707
0.643
0.58
0.554
0.581
0.614
0.56
0.606
0.604
0.563
0.588
0.614
0.596
0.584
0.587
0.582
0.59
0.622
0.639
0.62
0.632
0.623
0.61
0.698
0.719
0.715
0.772
0.818
0.772
0.834
0.841
0.944
1.086
1.106
1.078
1.059
0.919
0.89
0.974
1.013
0.964
1.043
1.06
1.137
0.96
0.931
0.864
0.955
0.872
0.68
0.625
0.57
0.455
0.479
0.556
0.535
0.455
0.589
0.63
0.568
0.544
0.571
0.585
0.557
0.611
0.565
0.582
0.431
0.536
0.475
0.472
0.469
0.521
0.495
0.565
0.592
0.617
0.576
0.691
0.684
0.674
0.634
0.67
0.71
0.732
0.76
0.718
0.591
0.452
0.555
0.568
0.479
0.558
0.565
0.519
0.459
0.481
0.479
0.536
0.549
0.536
0.45
0.465
0.522
0.634
0.673
0.682
0.7
0.731
0.696
0.692
0.647
0.603
0.611
0.573
0.633
0.771
0.712
0.774
0.752
0.775
0.803
0.84
0.824
0.797
0.773
0.823
0.888
0.846
0.788
0.866
0.902
0.938
0.88
0.943
0.845
0.857
0.862
0.832
0.888
0.924
0.921
0.913
0.89
0.821
0.875
0.698
0.44
0.461
0.586
0.637
0.683
0.581
0.558
0.546
0.66
0.672
0.579
0.688
0.539
0.545
0.597
0.616
0.657
0.647
0.636
0.628
0.628
0.643
0.596
0.607
0.603
0.568
0.547
0.615
0.592
0.595
0.523
0.524
0.609
0.609
0.599
0.613
0.602
0.572
0.586
0.657
0.558
0.563
0.551
0.551
0.591
0.592
0.588
0.608
0.616
0.574
0.596
0.542
0.501
0.628
0.562
0.566
0.588
0.676
0.702
0.697
0.707
0.755
0.788
0.716
0.675
0.62
0.701
0.702
0.681
0.689
0.679
0.772
0.699
0.657
0.55
0.538
0.503
0.594
0.551
0.577
0.568
0.573
0.586
0.597
0.597
0.602
0.619
0.576
0.575
0.551
0.524
0.52
0.555
0.499
0.513
0.732
0.691
0.755
0.673
0.734
0.774
0.791
0.803
0.869
0.855
0.807
0.822
0.607
0.663
0.932
0.887
0.857
0.895
0.802
0.81
0.779
0.729
0.788
0.785
0.718
0.651
0.724
0.709
0.767
0.723
0.715
0.722
0.754
0.727
0.72
0.667
0.688
0.698
0.695
0.634
0.638
0.654
0.707
0.907
0.834
0.799
0.783
0.846
0.848
0.878
0.886
0.778
0.836
0.9
0.855
0.711
0.789
0.842
0.838
0.723
0.688
0.906
0.89
0.912
0.863
0.857
0.842
0.835
0.609
0.619
0.594
0.635
0.705
0.78
0.768
0.701
0.693
0.711
0.699
0.738
0.717
0.754
0.859
0.92
0.905
0.913
0.904
0.898
0.95
0.919
0.796
0.717
0.7
0.643
0.511
0.544
0.575
0.656
0.758
0.697
0.891
0.738
0.701
0.79
0.807
0.847
0.877
0.638
0.742
0.711
0.779
0.769
0.817
0.667
0.709
0.751
0.736
0.706
0.707
0.734
0.71
0.75
0.708
0.682
0.627
0.688
0.735
0.725
0.771
0.797
0.793
0.741
0.732
0.726
0.733
0.679
0.672
0.656
0.605
0.546
0.633
0.587
0.614
0.654
0.68
0.594
0.602
0.787
0.735
0.732
0.626
0.715
0.618
0.722
0.697
0.684
0.658
0.571
0.614
0.614
0.704
0.62
0.679
0.718
0.706
0.7
0.724
0.698
0.551
0.602
0.766
0.691
0.709
0.687
0.723
0.689
0.708
0.719
0.595
0.694
0.823
0.623
0.725
0.801
0.81
0.793
0.747
0.806
0.832
0.859
0.858
0.835
0.644
0.669
0.66
0.712
0.679
0.727
0.756
0.688
0.744
0.631
0.701
0.766
0.756
0.75
0.775
0.761
0.759
0.781
0.732
0.858
0.886
0.776
0.656
0.534
0.736
0.721
0.569
0.635
0.769
0.868
0.832
0.803
0.781
0.846
0.915
0.889
0.775
0.765
0.769
0.654
0.587
0.645
0.71
0.614
0.6
0.687
0.67
0.652
0.64
0.662
0.632
0.608
0.636
0.658
0.659
0.645
0.608
0.655
0.587
0.545
0.574
0.647
0.605
0.576
0.648
0.656
0.601
0.545
0.624
0.706
0.612
0.678
0.692
0.66
0.662
0.677
0.731
0.669
0.692
0.714
0.68
0.691
0.676
0.709
0.783
0.745
0.732
0.684
0.688
0.674
0.702
0.784
0.705
0.518
0.466
0.542
0.668
0.673
0.69
0.725
0.682
0.695
0.648
0.536
0.586
0.523
0.553
0.647
0.596
0.427
0.528
0.598
0.555
0.468
0.601
0.68
0.48
0.51
0.58
0.683
0.669
0.614
0.532
0.61
0.689
0.606
0.751
0.813
0.87
0.953
0.958
0.981
0.988
0.934
0.911
0.85
0.822
0.732
0.841
0.691
0.611
0.666
0.641
0.683
0.681
0.668
0.685
0.731
0.705
0.713
0.63
0.625
0.586
0.556
0.519
0.52
0.564
0.605
0.606
0.602
0.615
0.622
0.636
0.617
0.584
0.583
0.581
0.649
0.637
0.655
0.63
0.667
0.669
0.763
0.78
0.752
0.791
0.847
0.733
0.816
0.847
0.938
0.899
0.84
0.91
0.965
0.915
0.87
0.873
0.915
0.769
0.814
0.761
0.683
0.614
0.575
0.653
0.691
0.648
0.659
0.705
0.613
0.651
0.688
0.704
0.697
0.67
0.781
0.848
0.71
0.763
0.687
0.757
0.756
0.754
0.817
0.876
0.855
0.796
0.764
0.793
0.845
0.737
0.672
0.722
0.707
0.731
0.711
0.753
0.691
0.57
0.465
0.497
0.517
0.638
0.774
0.831
0.795
0.815
0.83
0.834
0.769
0.732
0.733
0.725
0.693
0.697
0.709
0.72
0.737
0.739
0.769
0.799
0.805
0.769
0.76
0.747
0.714
0.703
0.738
0.731
0.601
0.731
0.716
0.655
0.506
0.508
0.715
0.679
0.618
0.612
0.607
0.643
0.672
0.656
0.598
0.629
0.736
0.77
0.677
0.757
0.761
0.775
0.571
0.612
0.691
0.823
0.808
0.775
0.798
0.795
0.75
0.796
0.729
0.638
0.717
0.75
0.683
0.691
0.685
0.637
0.682
0.636
0.658
0.669
0.662
0.602
0.614
0.637
0.629
0.591
0.502
0.552
0.576
0.567
0.565
0.61
0.632
0.677
0.703
0.817
0.89
0.885
0.896
0.927
0.89
0.901
0.876
0.904
0.76
0.745
0.782
0.809
0.862
0.695
0.762
0.756
0.847
0.751
0.664
0.718
0.75
0.815
0.824
0.78
0.772
0.802
0.811
0.861
0.897
0.931
0.878
0.77
0.803
0.796
0.739
0.759
0.606
0.755
0.813
0.85
0.851
0.892
0.907
0.841
0.83
0.78
0.854
0.877
0.89
0.977
0.964
0.9
0.871
0.911
0.9
0.804
0.88
0.952
0.983
0.973
0.816
0.832
0.867
0.809
0.642
0.556
0.743
0.627
0.661
0.675
0.82
0.877
0.84
0.638
0.549
0.594
0.712
0.94
0.975
0.965
0.909
0.928
1.015
1.02
0.925
0.871
0.87
1.123
1.081
0.985
0.849
0.705
0.756
0.752
0.848
0.831
0.799
0.77
0.808
0.86
0.896
0.908
0.984
1.029
0.968
0.963
0.867
0.886
0.898
0.889
0.884
0.756
0.768
0.764
0.763
0.719
0.665
0.545
0.586
0.673
0.682
0.743
0.796
0.786
0.76
0.883
0.797
0.835
0.861
0.854
0.876
0.887
0.939
0.928
0.894
0.778
0.746
0.785
0.779
0.752
0.783
0.786
0.788
0.717
0.719
0.736
0.868
0.853
0.839
0.668
0.698
0.484
0.781
0.863
0.707
0.771
0.805
0.644
0.583
0.711
0.617
0.683
0.706
0.69
0.617
0.566
0.571
0.617
0.609
0.616
0.694
0.73
0.726
0.659
0.685
0.686
0.686
0.588
0.542
0.602
0.564
0.55
0.544
0.567
0.645
0.679
0.728
0.705
0.674
0.667
0.673
0.679
0.682
0.613
0.639
0.614
0.644
0.694
0.701
0.704
0.705
0.6
0.645
0.644
0.642
0.654
0.735
0.673
0.615
0.652
0.668
0.694
0.696
0.732
0.694
0.634
0.567
0.567
0.578
0.622
0.588
0.604
0.599
0.589
0.585
0.608
0.559
0.571
0.594
0.603
0.616
0.665
0.684
0.68
0.515
0.582
0.741
0.711
0.81
0.794
0.734
0.775
0.861
0.898
0.976
1.025
0.939
0.957
1.16
1.165
1.078
0.791
0.902
0.686
0.745
0.947
0.866
0.691
0.511
0.526
0.525
0.575
0.641
0.736
0.725
0.719
0.72
0.72
0.707
0.69
0.663
0.652
0.66
0.613
0.656
0.736
0.729
0.68
0.647
0.677
0.73
0.773
0.694
0.724
0.807
0.717
0.654
0.69
0.672
0.677
0.639
0.713
0.638
0.687
0.603
0.559
0.596
0.759
0.799
0.833
0.891
0.795
0.686
0.629
0.639
0.679
0.672
0.551
0.606
0.54
0.538
0.579
0.612
0.625
0.607
0.647
0.657
0.7
0.656
0.595
0.588
0.599
0.556
0.798
0.786
0.836
0.773
0.756
0.754
0.75
0.758
0.736
0.675
0.664
0.785
0.662
0.705
0.679
0.663
0.691
0.726
0.617
0.651
0.582
0.679
0.722
0.723
0.778
0.783
0.831
0.845
0.769
0.786
0.794
0.776
0.847
0.705
0.709
0.846
0.834
0.808
0.777
0.693
0.68
0.545
0.707
0.801
0.844
0.78
0.699
0.712
0.749
0.753
0.855
0.843
0.864
0.856
0.836
0.747
0.721
0.723
0.839
0.855
0.929
0.978
1.076
0.853
0.783
0.844
0.836
0.86
0.914
0.872
0.877
0.943
0.708
0.722
0.793
0.935
0.906
0.881
0.903
1.077
1.045
0.735
0.889
0.797
0.767
0.79
0.718
0.723
0.659
0.68
0.703
0.714
0.746
0.775
0.744
0.764
0.785
0.792
0.81
0.845
0.805
0.808
0.787
0.751
0.748
0.718
0.675
0.66
0.705
0.728
0.729
0.75
0.798
0.748
0.696
0.728
0.692
0.692
0.807
0.717
0.658
0.684
0.742
0.727
0.735
0.748
0.722
0.878
0.977
0.994
0.983
0.973
0.959
1.063
0.979
0.946
0.847
0.99
0.92
0.913
0.954
0.926
0.997
0.983
1.015
1.066
0.652
1.009
1.022
1.087
1.084
1.116
1.09
0.952
0.876
0.849
1.025
0.991
0.681
0.785
0.75
0.796
0.777
0.758
0.72
0.662
0.605
0.68
0.763
0.698
0.795
0.807
0.775
0.799
0.735
0.764
0.81
0.818
0.74
0.914
0.887
0.923
1.022
1.188
1.179
0.901
0.986
1.086
1.072
1.05
0.998
1.049
0.933
0.91
0.82
0.874
0.831
0.838
0.808
0.874
0.902
0.844
0.8
0.78
0.754
0.774
0.703
0.599
0.762
0.751
0.723
0.732
0.648
0.6
0.616
0.593
0.57
0.617
0.724
0.78
0.741
0.694
0.659
0.684
0.735
0.718
0.679
0.621
0.599
0.631
0.627
0.611
0.581
0.595
0.603
0.623
0.607
0.612
0.604
0.658
0.676
0.662
0.647
0.693
0.8
0.9
1.015
0.996
0.959
1.008
1.17
1.286
1.335
1.317
1.22
1.112
1.115
1.097
1.101
1.115
1.06
1.057
1.119
1.158
1.04
1.066
1.098
1.211
1.339
1.431
1.494
1.49
1.54
1.554
1.521
1.558
1.549
1.55
1.567
1.572
1.59
1.504
1.458
1.507
1.548
1.596
1.64
1.65
1.617
1.622
1.52
1.683
1.705
1.714
1.608
1.676
1.706
1.688
1.795
1.954
1.883
1.866
1.861
1.942
2.035
1.846
1.761
1.909
1.827
1.571
1.805
1.592
1.662
1.807
1.526
1.492
1.61
1.417
1.572
1.685
1.786
1.769
1.704
1.546
1.501
1.595
1.485
1.583
1.725
1.689
1.922
1.941
1.96
1.985
1.572
1.55
1.388
1.172
0.808
0.897
1.011
1.016
1.006
1.155
1.153
1.026
0.992
0.825
0.531
0.598
0.651
0.736
0.649
0.752
0.882
0.818
0.931
0.824
0.791
0.875
0.926
1.144
0.748
0.777
0.814
0.992
0.915
0.673
0.702
0.749
0.756
0.764
0.802
0.805
0.78
0.711
0.811
0.888
0.838
0.856
0.758
0.745
0.747
0.706
0.73
0.73
0.756
0.772
0.798
0.749
0.78
0.811
0.849
0.789
0.727
0.691
0.779
0.805
0.821
0.876
0.825
0.894
0.923
0.942
0.889
0.855
0.875
0.877
0.894
0.804
0.84
0.793
0.774
1.008
1.082
0.976
1.077
1.067
0.945
0.788
0.761
0.743
0.726
0.685
0.526
0.622
0.75
0.688
0.694
0.62
0.539
0.694
0.761
0.771
0.787
0.784
0.721
0.701
0.692
0.673
0.726
0.761
0.788
0.885
0.933
0.727
1.017
0.95
0.826
0.918
0.849
0.909
0.855
0.869
0.818
0.832
0.844
0.878
0.882
0.892
0.907
0.818
0.635
0.744
0.601
0.914
0.824
0.779
0.635
0.754
0.791
0.608
0.766
0.628
0.733
0.75
0.611
0.772
0.662
0.683
0.837
0.865
0.754
0.801
0.596
0.547
0.559
0.565
0.588
0.594
0.508
0.636
0.657
0.641
0.732
0.732
0.684
0.624
0.629
0.603
0.722
0.72
0.646
0.687
0.689
0.522
0.587
0.682
0.695
0.697
0.759
0.736
0.713
0.758
0.742
0.737
0.7
0.676
0.764
0.706
0.709
0.664
0.662
0.656
0.685
0.695
0.677
0.672
0.651
0.585
0.685
0.684
0.665
0.643
0.658
0.697
0.734
0.74
0.724
0.8
0.878
0.913
0.93
0.95
1.006
0.9
1.03
1.032
0.948
0.943
0.92
0.641
0.819
0.795
0.795
0.748
0.672
0.678
0.647
0.707
0.598
0.609
0.624
0.671
0.644
0.676
0.69
0.692
0.678
0.656
0.653
0.683
0.616
0.685
0.748
0.767
0.829
0.838
0.849
0.866
0.817
0.786
0.818
0.873
0.874
0.831
0.841
0.868
0.886
0.932
0.842
0.851
0.821
0.818
0.814
0.845
0.91
0.907
0.935
0.907
0.82
0.612
0.626
0.693
0.632
0.662
0.827
0.733
0.678
0.691
0.693
0.661
0.639
0.635
0.681
0.644
0.552
0.626
0.567
0.552
0.567
0.647
0.668
0.755
0.725
0.612
0.623
0.626
0.684
0.624
0.597
0.704
0.667
0.558
0.599
0.595
0.597
0.558
0.569
0.523
0.583
0.64
0.65
0.609
0.721
0.743
0.743
0.752
0.718
0.598
0.58
0.498
0.583
0.693
0.594
0.597
0.639
0.62
0.645
0.761
0.703
0.612
0.746
1.31
1.542
1.456
1.441
1.097
1.045
0.981
1.125
1.027
1.177
1.058
1.065
1.271
1.201
1.164
1.28
1.192
1.048
0.968
0.846
0.849
0.783
0.777
0.804
0.723
0.668
0.805
0.759
0.723
0.71
0.72
0.764
0.76
0.832
0.808
0.794
0.773
0.807
0.829
0.798
0.759
0.755
0.797
0.817
0.812
0.816
0.83
0.864
0.922
0.949
0.948
0.978
1.011
0.79
0.755
0.803
0.787
0.873
0.931
0.959
1.044
1.082
1.124
1.097
1.122
1.148
1.172
1.2
1.146
1.151
1.388
1.42
1.344
1.027
0.87
0.826
0.823
0.881
0.853
0.816
0.74
0.84
0.862
0.627
0.822
0.635
0.722
0.685
0.64
0.681
0.615
0.763
0.715
0.745
0.665
0.688
0.683
0.828
0.95
0.807
0.727
0.708
0.754
0.805
0.763
0.833
0.839
0.782
0.83
0.894
0.922
0.894
0.892
0.835
0.901
0.87
0.825
0.864
0.719
0.723
0.8
0.854
0.759
0.779
0.757
0.786
0.722
0.787
0.625
0.791
0.708
0.815
0.875
0.907
0.74
0.569
0.847
0.813
0.807
0.839
0.814
0.797
0.717
0.696
0.729
0.755
0.768
0.759
0.782
0.805
0.793
0.917
1.044
1.064
0.961
0.863
0.82
0.874
0.841
0.978
1.033
0.95
0.959
0.913
0.787
0.809
0.847
0.778
0.829
0.924
0.888
0.946
1.036
0.99
0.904
0.8
0.811
0.815
0.819
0.818
1.102
0.96
1
1.103
1.095
1.038
0.84
0.787
0.542
0.714
0.961
0.966
0.842
0.965
0.884
0.622
0.826
0.756
0.781
0.782
0.755
0.738
0.681
0.69
0.654
0.641
0.572
0.622
0.561
0.656
0.685
0.667
0.566
0.641
0.722
0.684
0.691
0.652
0.682
0.697
0.677
0.631
0.666
0.674
0.676
0.683
0.707
0.755
0.757
0.774
0.789
0.773
0.769
0.823
0.863
0.91
0.924
0.885
0.89
0.894
0.931
0.948
0.932
0.967
0.981
0.989
1.02
0.998
0.996
1.059
1.027
1.071
1.089
1.113
1.124
1.153
1.171
1.175
1.1
1.044
1.104
1.096
1.151
1.165
1.274
1.288
1.384
1.457
1.506
1.427
1.293
1.281
1.291
1.449
1.479
1.557
1.666
1.595
1.584
1.424
1.447
1.606
1.696
1.799
2.005
1.806
1.939
2.048
1.304
1.223
1.327
1.356
1.386
1.252
1.101
0.945
1.168
1.301
1.136
1.05
1.157
1.278
1.223
1.221
1.165
1.025
1.015
0.934
1.06
1.004
0.984
0.983
1.161
1.055
1.054
0.935
1.047
0.978
0.894
0.999
0.987
1.114
1.156
1.083
0.694
0.901
0.702
0.802
0.959
0.945
0.815
0.948
0.938
0.919
0.895
0.843
0.813
0.81
0.939
0.953
0.926
0.893
0.911
0.919
0.948
0.999
0.89
0.909
0.972
0.975
1.022
0.943
0.865
1.023
1.057
1.101
1.163
1.163
1.108
1.166
0.983
1.03
1.033
1.108
1.085
0.821
1.034
1.009
0.732
0.667
0.746
0.748
0.675
0.701
0.694
0.768
0.746
0.765
0.739
0.75
0.761
0.769
0.75
0.752
0.576
0.577
0.583
0.705
0.75
0.693
0.687
0.789
0.792
0.807
0.803
0.773
0.743
0.76
0.858
0.853
0.835
0.781
0.711
0.702
0.754
0.749
0.772
0.791
0.778
0.676
0.758
0.769
0.845
0.908
0.906
0.865
0.835
0.746
0.657
0.707
0.76
0.7
0.741
0.788
0.77
0.87
0.868
0.951
0.97
0.786
0.792
0.847
0.867
0.868
0.881
0.892
0.728
0.715
0.827
0.846
0.794
0.792
0.856
0.864
0.847
0.895
0.933
0.901
0.923
0.867
0.954
0.888
0.835
0.809
0.795
0.705
0.722
0.651
0.692
0.866
0.882
0.859
0.951
0.941
0.911
0.92
0.894
0.908
0.941
0.859
0.883
0.882
0.91
0.979
1.009
1.075
1.143
0.998
0.88
0.883
0.912
0.93
0.954
0.911
0.919
0.935
0.924
0.758
0.785
0.782
0.785
0.899
0.946
0.746
0.807
0.837
0.877
0.783
0.787
0.862
0.819
0.844
0.783
0.616
0.514
0.675
0.784
0.796
0.749
0.789
0.778
0.745
0.821
0.707
0.794
0.842
0.88
0.938
0.974
0.898
0.957
0.975
1.035
0.892
0.948
0.917
0.824
1.052
1.104
1.049
1.037
0.935
0.952
0.902
0.839
0.861
0.83
0.852
0.731
0.783
0.729
0.695
0.686
0.745
0.67
0.672
0.689
0.712
0.817
0.786
0.743
0.91
1.044
0.818
0.768
0.714
0.778
0.846
0.814
0.717
0.7
0.752
0.642
0.653
0.692
0.692
0.686
0.542
0.648
0.701
0.707
0.676
0.667
0.703
0.616
0.684
0.702
0.731
0.691
0.721
0.646
0.386
0.659
0.693
0.737
0.574
0.631
0.687
0.667
0.617
0.638
0.591
0.682
0.675
0.668
0.622
0.621
0.817
0.759
0.702
0.613
0.642
0.663
0.637
0.731
0.77
0.775
0.7
0.588
0.722
0.808
0.83
0.84
0.856
0.853
0.82
0.806
0.824
0.883
0.764
0.732
0.743
0.833
0.905
0.951
0.891
0.922
0.967
0.808
0.604
0.675
0.772
0.757
0.768
0.75
0.763
0.762
0.7
0.743
0.824
0.93
0.92
0.804
0.748
0.762
0.912
0.856
0.822
0.873
0.816
0.914
0.924
0.898
0.794
0.746
0.741
0.802
0.856
0.87
0.791
0.716
0.702
0.672
0.671
0.78
0.786
0.763
0.768
0.774
0.793
0.796
0.82
0.938
1.042
1.03
0.884
0.871
0.924
0.959
0.906
0.656
0.883
0.938
0.831
0.894
0.739
0.802
0.783
0.851
0.814
0.725
0.716
0.775
0.751
0.77
0.747
0.641
0.782
0.782
0.773
0.803
0.657
0.602
0.692
0.738
0.745
0.829
0.809
0.794
0.831
0.841
0.897
0.838
0.814
0.844
0.865
0.887
0.927
0.949
0.867
0.822
0.791
0.82
0.703
0.769
0.809
0.804
0.909
0.863
0.788
0.911
0.813
0.813
1.049
1.048
0.973
0.968
0.997
0.916
0.909
0.809
0.941
0.931
0.828
0.862
0.986
0.898
0.838
0.885
0.932
0.924
0.775
0.784
0.849
0.767
0.818
0.925
0.952
0.773
0.839
0.815
0.783
0.788
0.886
0.873
0.92
0.775
0.855
0.874
0.761
0.844
0.795
0.687
0.73
0.636
0.567
0.771
0.764
0.655
0.703
0.65
0.695
0.623
0.688
0.664
0.758
0.793
0.769
0.693
0.755
0.748
0.733
0.823
0.776
0.721
0.772
0.77
0.84
0.763
0.69
0.71
0.778
0.79
0.722
0.758
0.778
0.647
0.734
0.844
0.832
0.824
0.813
0.889
0.953
0.973
0.936
0.813
0.69
0.776
0.75
0.801
0.787
0.784
0.855
0.85
0.708
0.757
0.758
0.742
0.768
0.75
0.807
0.938
0.913
1.034
0.974
0.973
0.95
0.935
0.927
0.795
0.944
0.813
0.886
0.954
1.152
1.242
1.272
1.368
1.192
1.32
1.345
1.22
1.178
1.169
1.341
1.232
1.339
1.481
1.577
1.729
1.832
1.885
1.793
1.831
1.814
1.396
1.335
1.301
1.053
0.915
0.998
0.929
0.887
0.93
0.927
0.937
0.968
0.954
0.926
0.935
0.93
0.931
0.899
0.887
0.865
0.885
0.927
0.983
0.951
0.925
0.911
0.925
0.943
0.949
0.978
1.014
1.018
0.973
1.022
1.068
1.088
1.101
1.107
1.221
1.365
1.283
1.349
1.161
1.087
1.221
1.282
1.345
1.463
1.286
1.15
0.9
1.187
1.291
1.274
1.04
1.088
1.193
1.054
1.049
0.96
1.048
1.09
1.032
0.999
0.966
0.91
0.955
0.969
0.974
0.954
0.867
1.004
1.005
0.875
0.883
0.964
0.939
0.936
1.005
0.892
0.973
0.913
0.754
0.914
0.993
1.09
1.128
1.194
1.005
0.889
0.757
0.694
0.887
0.902
0.862
0.888
0.879
0.796
0.83
0.799
0.711
0.738
0.754
0.744
0.729
0.73
0.732
0.767
0.715
0.648
0.721
0.722
0.632
0.816
0.831
0.84
0.783
0.848
0.816
0.771
0.753
0.736
0.817
0.6
0.737
0.8
0.699
0.709
0.801
0.921
0.847
0.847
0.882
0.925
1.034
1.009
0.97
0.97
0.963
0.891
0.861
0.852
0.801
0.799
0.794
0.872
0.932
0.949
1.015
1.055
1.014
1.032
1.058
1.124
1.154
1.143
1.118
0.993
0.781
0.742
0.83
1.031
1.006
0.777
0.727
0.824
0.995
0.94
0.944
0.793
0.949
0.83
0.912
0.977
0.918
0.906
0.899
0.894
0.743
0.925
0.927
0.842
0.821
0.548
0.716
0.82
0.772
0.745
0.913
0.93
0.991
1.003
1.03
0.938
0.867
0.839
0.816
0.84
0.861
0.853
0.797
0.788
0.776
0.811
0.877
0.864
0.82
0.824
0.842
0.864
0.825
0.869
0.872
0.845
0.934
0.973
0.924
0.917
0.782
0.864
0.956
0.814
0.814
0.842
0.912
0.913
0.829
0.77
0.75
0.795
0.799
0.798
0.786
0.785
0.807
0.803
0.839
0.812
0.819
0.828
0.863
0.804
0.83
0.801
0.883
0.888
0.982
0.931
0.896
0.752
1.002
1.009
0.968
1.076
0.831
0.846
0.904
0.954
0.88
0.984
0.883
0.945
0.663
0.85
0.846
0.794
0.818
0.937
0.957
0.863
0.704
0.7
0.935
0.927
0.687
0.769
0.842
0.66
0.664
0.731
0.794
0.783
0.794
0.788
0.693
0.702
0.749
0.731
0.753
0.792
0.758
0.702
0.708
0.684
0.843
0.805
0.889
0.923
0.919
0.859
0.811
0.87
0.772
0.847
0.857
0.843
0.839
0.848
0.926
0.874
0.873
0.909
0.85
0.883
0.899
0.804
0.743
0.747
0.673
0.68
0.748
0.697
0.828
0.862
0.875
0.912
0.921
0.903
0.929
0.836
0.925
0.836
0.851
0.881
0.833
0.814
0.911
0.785
0.712
0.821
0.982
0.881
0.984
0.989
0.934
0.988
0.991
0.98
0.946
0.747
0.89
1.031
1.127
1.096
1.026
0.988
0.866
1.093
0.855
0.944
0.995
0.903
0.931
0.825
0.885
0.887
0.844
0.805
0.76
0.79
0.886
0.84
0.829
0.789
0.824
0.78
0.763
0.733
0.732
0.773
0.674
0.751
0.768
0.847
0.844
0.869
1.031
1.104
1.066
0.942
0.921
0.909
0.871
0.889
0.805
0.927
0.862
0.895
0.967
0.868
0.894
0.935
1.257
1.341
1.304
1.236
1.337
1.332
1.369
1.411
1.298
1.271
1.037
0.957
0.978
0.8
0.798
0.911
0.873
0.854
0.781
0.769
0.757
0.842
0.836
0.814
0.798
0.801
0.828
0.835
0.905
0.888
0.903
0.933
0.951
0.955
0.953
0.968
0.969
0.974
0.988
1.004
1.002
1.005
1.006
1.022
1.073
1.067
1.098
1.09
1.065
1.103
1.077
1.048
1.053
1.141
1.196
1.246
1.27
1.271
1.296
1.344
1.379
1.414
1.343
1.547
1.581
1.522
1.36
1.159
1.243
1.382
1.295
1.254
1.302
1.22
0.887
0.902
0.925
0.8
0.868
0.911
0.892
0.851
0.944
0.931
0.9
0.888
0.847
0.752
0.807
0.773
0.77
0.692
0.898
0.869
0.91
0.869
0.803
0.867
0.844
1
1.026
0.931
0.901
1.029
0.935
0.731
0.816
0.942
0.869
0.838
0.843
0.935
0.89
0.8
0.783
0.623
0.753
0.69
0.65
0.766
0.847
0.915
0.927
0.83
0.802
0.791
0.79
0.809
0.776
0.808
0.846
0.916
0.916
0.93
0.897
0.879
0.77
0.841
0.915
0.841
0.887
0.886
0.822
0.781
0.791
0.958
0.996
0.976
0.799
0.873
0.949
1.007
0.968
1.002
0.998
1.113
1.132
0.987
0.869
0.949
0.92
0.995
0.985
1.009
1.099
1.07
0.996
0.877
0.853
0.944
0.956
1.078
1.102
1.028
0.926
1.017
0.798
0.832
0.832
0.876
0.964
0.929
0.908
0.966
0.7
0.84
0.92
0.872
0.855
0.858
0.856
0.815
0.718
0.758
0.819
0.719
0.782
0.76
0.751
0.762
0.815
0.84
0.939
0.912
0.879
0.896
0.834
0.733
0.949
0.986
0.954
0.741
0.83
0.881
0.902
0.88
0.827
0.852
0.807
0.8
0.729
0.688
0.765
0.798
0.78
0.83
0.891
0.809
0.723
0.738
0.812
0.802
0.832
0.737
0.859
0.799
0.785
0.785
0.725
0.812
0.777
0.893
0.932
0.777
0.82
0.867
0.852
0.8
0.796
0.918
0.915
0.885
0.864
0.84
0.877
0.937
0.929
0.862
0.872
0.95
0.705
0.953
1.114
1.28
1.123
0.823
0.813
0.864
0.874
0.806
0.832
0.88
0.965
0.927
0.988
0.943
1.003
1.07
0.877
1.014
0.98
1.041
1.094
1.063
1.06
1.037
1.053
1.004
0.973
0.974
1.062
1.096
1.097
1.203
1.209
1.094
1.229
1.182
1.296
1.047
0.895
0.849
1.007
1.048
1.006
1.004
0.944
0.894
0.788
0.766
0.822
0.808
0.842
0.82
0.774
0.747
0.721
0.851
0.927
0.966
0.912
0.878
0.83
0.82
0.858
0.863
0.924
0.937
0.888
0.899
0.963
0.987
0.974
0.981
0.989
1.026
1.023
0.963
0.963
0.899
0.9
0.768
0.889
0.877
0.913
0.955
1.071
1.064
0.85
0.864
0.96
0.83
0.854
0.909
0.934
0.817
0.769
0.769
0.645
0.757
0.764
0.756
0.961
0.981
0.874
0.89
0.702
0.758
0.991
1.02
0.997
0.985
1.023
0.982
0.941
0.856
0.862
0.898
0.839
0.889
0.754
0.718
0.715
0.801
0.849
0.733
0.731
0.746
0.711
0.764
0.772
0.858
0.822
0.765
0.776
0.81
0.942
0.964
0.951
0.955
0.948
0.955
0.997
1.003
0.897
0.923
0.906
0.796
0.927
0.935
0.841
0.888
0.906
0.894
1.027
0.974
0.943
0.942
0.964
0.923
0.886
0.868
0.922
0.9
0.82
0.825
0.866
0.781
0.682
0.612
0.697
0.675
0.752
0.803
0.827
0.825
0.846
0.863
0.856
0.787
0.755
0.793
0.795
0.664
0.808
0.818
0.796
0.739
0.693
0.743
0.779
0.803
0.872
0.803
0.791
0.874
0.584
0.61
0.665
0.74
0.889
0.991
0.967
1.015
1.027
0.996
0.929
0.905
0.869
0.901
0.873
0.951
0.967
0.975
0.983
1.004
0.773
0.83
0.876
0.858
1.015
0.944
0.971
0.88
0.887
1.165
1.018
0.895
0.737
0.765
0.82
0.744
0.761
0.735
0.774
0.797
0.851
0.895
0.793
0.852
0.839
0.893
0.823
0.788
0.855
0.832
0.759
0.768
0.822
0.845
0.781
0.892
0.919
0.951
0.905
0.814
0.926
0.906
0.833
0.814
0.853
0.822
0.817
0.806
0.829
0.849
0.85
0.861
0.902
0.878
0.866
0.863
0.908
0.915
0.959
0.979
0.922
0.717
0.913
0.946
0.863
0.734
0.85
0.92
0.948
1.009
0.994
0.964
0.921
0.851
0.872
0.787
0.774
0.875
0.817
0.695
0.709
0.77
0.8
0.803
0.835
0.721
0.693
0.746
0.757
0.83
0.812
0.935
0.821
0.786
0.84
0.808
0.911
0.936
0.986
0.785
0.85
1.028
1.193
1.132
1.097
0.904
0.974
1.111
1.116
1.153
1.015
1.142
1.26
1.149
1.24
1.183
1.173
1.114
0.969
0.877
0.927
0.879
0.861
0.847
0.857
0.867
0.913
1.01
1.116
1.083
0.878
0.918
0.856
0.717
0.655
0.578
0.67
0.821
0.779
0.917
0.933
0.981
1.045
1.004
1.009
1.038
0.831
0.906
1.027
1.063
0.999
0.87
0.782
0.909
0.848
0.936
0.998
1.015
0.885
0.831
0.844
0.808
0.788
0.783
0.89
0.906
0.871
0.863
0.779
0.715
0.872
0.887
0.852
0.82
0.824
0.79
0.834
0.845
0.883
0.95
0.932
0.881
0.923
0.856
0.755
0.711
0.745
0.791
0.759
0.791
0.78
0.779
0.781
0.709
0.779
0.746
0.832
0.873
0.896
0.95
0.951
0.899
1.004
1.03
0.992
0.985
0.988
0.871
0.797
1.047
1.14
0.989
1.089
1.166
1.061
0.994
1.052
0.934
0.835
0.805
0.878
0.749
0.803
0.739
0.867
0.915
0.871
0.944
0.843
0.84
0.905
0.898
0.961
1.035
1.006
0.868
0.862
0.905
0.873
0.807
0.923
1.098
1.053
1.088
0.849
1.043
1.013
0.941
0.985
0.885
0.898
0.953
0.893
0.865
0.896
0.738
0.906
0.987
0.971
0.986
0.922
0.907
0.842
0.885
0.956
0.904
1.043
0.921
0.932
0.953
1.011
0.978
0.858
0.92
0.857
0.862
0.879
0.643
0.581
0.751
0.794
0.797
0.739
0.726
0.868
0.851
0.836
0.753
0.808
0.907
0.974
0.909
0.919
0.851
0.944
0.898
0.922
0.883
0.962
0.958
0.95
1.012
0.962
0.906
0.871
0.849
0.855
0.843
0.71
0.854
0.786
0.734
0.817
0.809
0.88
0.973
0.91
0.808
0.757
0.961
0.984
0.927
0.887
0.917
1.01
0.998
1.034
0.967
1.02
1.035
0.677
0.813
0.992
0.957
0.965
0.945
0.876
0.831
0.793
0.904
0.904
0.9
0.874
0.798
